43 0.472553 0.381076 0.843254 0.150546 0.254707
28 0.494874 0.686508 0.983135 0.626984 0.33451
43 0.472553 0.381076 0.843254 0.150546 0.254707
28 0.494874 0.686508 0.983135 0.626984 0.33451
43 0.472553 0.381076 0.843254 0.150546 0.254707
28 0.494874 0.686508 0.983135 0.626984 0.33451
43 0.472553 0.381076 0.843254 0.150546 0.254707
28 0.494874 0.686508 0.983135 0.626984 0.33451
43 0.472553 0.381076 0.843254 0.150546 0.254707
28 0.494874 0.686508 0.983135 0.626984 0.33451
43 0.472553 0.381076 0.843254 0.150546 0.254707
28 0.494874 0.686508 0.983135 0.626984 0.33451
43 0.472553 0.381076 0.843254 0.150546 0.254707
28 0.494874 0.686508 0.983135 0.626984 0.33451
43 0.472553 0.381076 0.843254 0.150546 0.254052
28 0.494874 0.686508 0.983135 0.626984 0.334567
