36 0.622432 0.310312 0.345238 0.449055 0.258791
67 0.619748 0.314951 0.358543 0.45028 0.36815
36 0.622432 0.310312 0.345238 0.449055 0.258791
67 0.619748 0.314951 0.358543 0.45028 0.36815
36 0.622432 0.310312 0.345238 0.449055 0.258791
67 0.619748 0.314951 0.358543 0.45028 0.36815
36 0.622432 0.310312 0.345238 0.449055 0.258791
67 0.619748 0.314951 0.358543 0.45028 0.36815
36 0.622432 0.310312 0.345238 0.449055 0.258791
67 0.619748 0.314951 0.358543 0.45028 0.36815
36 0.622432 0.310312 0.345238 0.449055 0.258791
67 0.619748 0.314951 0.358543 0.45028 0.36815
36 0.622432 0.310312 0.345238 0.449055 0.258791
67 0.619748 0.314951 0.358543 0.45028 0.36815
36 0.622432 0.310312 0.345238 0.449055 0.258402
67 0.619748 0.314951 0.358543 0.45028 0.369148
